100 5
1 2
1 3
1 4
1 5
4 6
6 7
1 8
3 9
7 10
9 11
5 12
1 13
12 14
2 15
1 16
5 17
13 18
10 19
9 20
2 21
4 22
1 23
4 24
4 25
24 26
19 27
22 28
26 29
13 30
16 31
26 32
8 33
32 34
9 35
25 36
12 37
30 38
12 39
24 40
7 41
41 42
20 43
2 44
30 45
23 46
4 47
5 48
12 49
42 50
22 51
37 52
46 53
8 54
44 55
14 56
54 57
1 58
29 59
29 60
25 61
32 62
6 63
18 64
60 65
56 66
25 67
28 68
15 69
18 70
33 71
22 72
7 73
12 74
55 75
1 76
12 77
42 78
26 79
18 80
16 81
78 82
49 83
21 84
20 85
43 86
25 87
50 88
32 89
24 90
71 91
39 92
5 93
72 94
34 95
86 96
41 97
2 98
75 99
37 100
