100000 100000 3000
99971 1
99971 2
99971 3
99971 4
99971 5
99971 6
99971 7
99971 8
99971 9
99971 10
99971 11
99971 12
99971 13
99971 14
99971 15
99971 16
99971 17
99971 18
99971 19
99971 20
99971 21
99971 22
99971 23
99971 24
99971 25
99971 26
99971 27
99971 28
99971 29
99971 30
99971 31
99971 32
99971 33
99971 34
99971 35
99971 36
99971 37
99971 38
99971 39
99971 40
99971 41
99971 42
99971 43
99971 44
99971 45
99971 46
99971 47
99971 48
99971 49
99971 50
99971 51
99971 52
99971 53
99971 54
99971 55
99971 56
99971 57
99971 58
99971 59
99971 60
99971 61
99971 62
99971 63
99971 64
99971 65
99971 66
99971 67
99971 68
99971 69
99971 70
99971 71
99971 72
99971 73
99971 74
99971 75
99971 76
99971 77
99971 78
99971 79
99971 80
99971 81
99971 82
99971 83
99971 84
99971 85
99971 86
99971 87
99971 88
99971 89
99971 90
99971 91
99971 92
99971 93
99971 94
99971 95
99971 96
99971 97
99971 98
99971 99
99971 100
99972 1
99972 2
99972 3
99972 4
99972 5
99972 6
99972 7
99972 8
99972 9
99972 10
99972 11
99972 12
99972 13
99972 14
99972 15
99972 16
99972 17
99972 18
99972 19
99972 20
99972 21
99972 22
99972 23
99972 24
99972 25
99972 26
99972 27
99972 28
99972 29
99972 30
99972 31
99972 32
99972 33
99972 34
99972 35
99972 36
99972 37
99972 38
99972 39
99972 40
99972 41
99972 42
99972 43
99972 44
99972 45
99972 46
99972 47
99972 48
99972 49
99972 50
99972 51
99972 52
99972 53
99972 54
99972 55
99972 56
99972 57
99972 58
99972 59
99972 60
99972 61
99972 62
99972 63
99972 64
99972 65
99972 66
99972 67
99972 68
99972 69
99972 70
99972 71
99972 72
99972 73
99972 74
99972 75
99972 76
99972 77
99972 78
99972 79
99972 80
99972 81
99972 82
99972 83
99972 84
99972 85
99972 86
99972 87
99972 88
99972 89
99972 90
99972 91
99972 92
99972 93
99972 94
99972 95
99972 96
99972 97
99972 98
99972 99
99972 100
99973 1
99973 2
99973 3
99973 4
99973 5
99973 6
99973 7
99973 8
99973 9
99973 10
99973 11
99973 12
99973 13
99973 14
99973 15
99973 16
99973 17
99973 18
99973 19
99973 20
99973 21
99973 22
99973 23
99973 24
99973 25
99973 26
99973 27
99973 28
99973 29
99973 30
99973 31
99973 32
99973 33
99973 34
99973 35
99973 36
99973 37
99973 38
99973 39
99973 40
99973 41
99973 42
99973 43
99973 44
99973 45
99973 46
99973 47
99973 48
99973 49
99973 50
99973 51
99973 52
99973 53
99973 54
99973 55
99973 56
99973 57
99973 58
99973 59
99973 60
99973 61
99973 62
99973 63
99973 64
99973 65
99973 66
99973 67
99973 68
99973 69
99973 70
99973 71
99973 72
99973 73
99973 74
99973 75
99973 76
99973 77
99973 78
99973 79
99973 80
99973 81
99973 82
99973 83
99973 84
99973 85
99973 86
99973 87
99973 88
99973 89
99973 90
99973 91
99973 92
99973 93
99973 94
99973 95
99973 96
99973 97
99973 98
99973 99
99973 100
99974 1
99974 2
99974 3
99974 4
99974 5
99974 6
99974 7
99974 8
99974 9
99974 10
99974 11
99974 12
99974 13
99974 14
99974 15
99974 16
99974 17
99974 18
99974 19
99974 20
99974 21
99974 22
99974 23
99974 24
99974 25
99974 26
99974 27
99974 28
99974 29
99974 30
99974 31
99974 32
99974 33
99974 34
99974 35
99974 36
99974 37
99974 38
99974 39
99974 40
99974 41
99974 42
99974 43
99974 44
99974 45
99974 46
99974 47
99974 48
99974 49
99974 50
99974 51
99974 52
99974 53
99974 54
99974 55
99974 56
99974 57
99974 58
99974 59
99974 60
99974 61
99974 62
99974 63
99974 64
99974 65
99974 66
99974 67
99974 68
99974 69
99974 70
99974 71
99974 72
99974 73
99974 74
99974 75
99974 76
99974 77
99974 78
99974 79
99974 80
99974 81
99974 82
99974 83
99974 84
99974 85
99974 86
99974 87
99974 88
99974 89
99974 90
99974 91
99974 92
99974 93
99974 94
99974 95
99974 96
99974 97
99974 98
99974 99
99974 100
99975 1
99975 2
99975 3
99975 4
99975 5
99975 6
99975 7
99975 8
99975 9
99975 10
99975 11
99975 12
99975 13
99975 14
99975 15
99975 16
99975 17
99975 18
99975 19
99975 20
99975 21
99975 22
99975 23
99975 24
99975 25
99975 26
99975 27
99975 28
99975 29
99975 30
99975 31
99975 32
99975 33
99975 34
99975 35
99975 36
99975 37
99975 38
99975 39
99975 40
99975 41
99975 42
99975 43
99975 44
99975 45
99975 46
99975 47
99975 48
99975 49
99975 50
99975 51
99975 52
99975 53
99975 54
99975 55
99975 56
99975 57
99975 58
99975 59
99975 60
99975 61
99975 62
99975 63
99975 64
99975 65
99975 66
99975 67
99975 68
99975 69
99975 70
99975 71
99975 72
99975 73
99975 74
99975 75
99975 76
99975 77
99975 78
99975 79
99975 80
99975 81
99975 82
99975 83
99975 84
99975 85
99975 86
99975 87
99975 88
99975 89
99975 90
99975 91
99975 92
99975 93
99975 94
99975 95
99975 96
99975 97
99975 98
99975 99
99975 100
99976 1
99976 2
99976 3
99976 4
99976 5
99976 6
99976 7
99976 8
99976 9
99976 10
99976 11
99976 12
99976 13
99976 14
99976 15
99976 16
99976 17
99976 18
99976 19
99976 20
99976 21
99976 22
99976 23
99976 24
99976 25
99976 26
99976 27
99976 28
99976 29
99976 30
99976 31
99976 32
99976 33
99976 34
99976 35
99976 36
99976 37
99976 38
99976 39
99976 40
99976 41
99976 42
99976 43
99976 44
99976 45
99976 46
99976 47
99976 48
99976 49
99976 50
99976 51
99976 52
99976 53
99976 54
99976 55
99976 56
99976 57
99976 58
99976 59
99976 60
99976 61
99976 62
99976 63
99976 64
99976 65
99976 66
99976 67
99976 68
99976 69
99976 70
99976 71
99976 72
99976 73
99976 74
99976 75
99976 76
99976 77
99976 78
99976 79
99976 80
99976 81
99976 82
99976 83
99976 84
99976 85
99976 86
99976 87
99976 88
99976 89
99976 90
99976 91
99976 92
99976 93
99976 94
99976 95
99976 96
99976 97
99976 98
99976 99
99976 100
99977 1
99977 2
99977 3
99977 4
99977 5
99977 6
99977 7
99977 8
99977 9
99977 10
99977 11
99977 12
99977 13
99977 14
99977 15
99977 16
99977 17
99977 18
99977 19
99977 20
99977 21
99977 22
99977 23
99977 24
99977 25
99977 26
99977 27
99977 28
99977 29
99977 30
99977 31
99977 32
99977 33
99977 34
99977 35
99977 36
99977 37
99977 38
99977 39
99977 40
99977 41
99977 42
99977 43
99977 44
99977 45
99977 46
99977 47
99977 48
99977 49
99977 50
99977 51
99977 52
99977 53
99977 54
99977 55
99977 56
99977 57
99977 58
99977 59
99977 60
99977 61
99977 62
99977 63
99977 64
99977 65
99977 66
99977 67
99977 68
99977 69
99977 70
99977 71
99977 72
99977 73
99977 74
99977 75
99977 76
99977 77
99977 78
99977 79
99977 80
99977 81
99977 82
99977 83
99977 84
99977 85
99977 86
99977 87
99977 88
99977 89
99977 90
99977 91
99977 92
99977 93
99977 94
99977 95
99977 96
99977 97
99977 98
99977 99
99977 100
99978 1
99978 2
99978 3
99978 4
99978 5
99978 6
99978 7
99978 8
99978 9
99978 10
99978 11
99978 12
99978 13
99978 14
99978 15
99978 16
99978 17
99978 18
99978 19
99978 20
99978 21
99978 22
99978 23
99978 24
99978 25
99978 26
99978 27
99978 28
99978 29
99978 30
99978 31
99978 32
99978 33
99978 34
99978 35
99978 36
99978 37
99978 38
99978 39
99978 40
99978 41
99978 42
99978 43
99978 44
99978 45
99978 46
99978 47
99978 48
99978 49
99978 50
99978 51
99978 52
99978 53
99978 54
99978 55
99978 56
99978 57
99978 58
99978 59
99978 60
99978 61
99978 62
99978 63
99978 64
99978 65
99978 66
99978 67
99978 68
99978 69
99978 70
99978 71
99978 72
99978 73
99978 74
99978 75
99978 76
99978 77
99978 78
99978 79
99978 80
99978 81
99978 82
99978 83
99978 84
99978 85
99978 86
99978 87
99978 88
99978 89
99978 90
99978 91
99978 92
99978 93
99978 94
99978 95
99978 96
99978 97
99978 98
99978 99
99978 100
99979 1
99979 2
99979 3
99979 4
99979 5
99979 6
99979 7
99979 8
99979 9
99979 10
99979 11
99979 12
99979 13
99979 14
99979 15
99979 16
99979 17
99979 18
99979 19
99979 20
99979 21
99979 22
99979 23
99979 24
99979 25
99979 26
99979 27
99979 28
99979 29
99979 30
99979 31
99979 32
99979 33
99979 34
99979 35
99979 36
99979 37
99979 38
99979 39
99979 40
99979 41
99979 42
99979 43
99979 44
99979 45
99979 46
99979 47
99979 48
99979 49
99979 50
99979 51
99979 52
99979 53
99979 54
99979 55
99979 56
99979 57
99979 58
99979 59
99979 60
99979 61
99979 62
99979 63
99979 64
99979 65
99979 66
99979 67
99979 68
99979 69
99979 70
99979 71
99979 72
99979 73
99979 74
99979 75
99979 76
99979 77
99979 78
99979 79
99979 80
99979 81
99979 82
99979 83
99979 84
99979 85
99979 86
99979 87
99979 88
99979 89
99979 90
99979 91
99979 92
99979 93
99979 94
99979 95
99979 96
99979 97
99979 98
99979 99
99979 100
99980 1
99980 2
99980 3
99980 4
99980 5
99980 6
99980 7
99980 8
99980 9
99980 10
99980 11
99980 12
99980 13
99980 14
99980 15
99980 16
99980 17
99980 18
99980 19
99980 20
99980 21
99980 22
99980 23
99980 24
99980 25
99980 26
99980 27
99980 28
99980 29
99980 30
99980 31
99980 32
99980 33
99980 34
99980 35
99980 36
99980 37
99980 38
99980 39
99980 40
99980 41
99980 42
99980 43
99980 44
99980 45
99980 46
99980 47
99980 48
99980 49
99980 50
99980 51
99980 52
99980 53
99980 54
99980 55
99980 56
99980 57
99980 58
99980 59
99980 60
99980 61
99980 62
99980 63
99980 64
99980 65
99980 66
99980 67
99980 68
99980 69
99980 70
99980 71
99980 72
99980 73
99980 74
99980 75
99980 76
99980 77
99980 78
99980 79
99980 80
99980 81
99980 82
99980 83
99980 84
99980 85
99980 86
99980 87
99980 88
99980 89
99980 90
99980 91
99980 92
99980 93
99980 94
99980 95
99980 96
99980 97
99980 98
99980 99
99980 100
99981 1
99981 2
99981 3
99981 4
99981 5
99981 6
99981 7
99981 8
99981 9
99981 10
99981 11
99981 12
99981 13
99981 14
99981 15
99981 16
99981 17
99981 18
99981 19
99981 20
99981 21
99981 22
99981 23
99981 24
99981 25
99981 26
99981 27
99981 28
99981 29
99981 30
99981 31
99981 32
99981 33
99981 34
99981 35
99981 36
99981 37
99981 38
99981 39
99981 40
99981 41
99981 42
99981 43
99981 44
99981 45
99981 46
99981 47
99981 48
99981 49
99981 50
99981 51
99981 52
99981 53
99981 54
99981 55
99981 56
99981 57
99981 58
99981 59
99981 60
99981 61
99981 62
99981 63
99981 64
99981 65
99981 66
99981 67
99981 68
99981 69
99981 70
99981 71
99981 72
99981 73
99981 74
99981 75
99981 76
99981 77
99981 78
99981 79
99981 80
99981 81
99981 82
99981 83
99981 84
99981 85
99981 86
99981 87
99981 88
99981 89
99981 90
99981 91
99981 92
99981 93
99981 94
99981 95
99981 96
99981 97
99981 98
99981 99
99981 100
99982 1
99982 2
99982 3
99982 4
99982 5
99982 6
99982 7
99982 8
99982 9
99982 10
99982 11
99982 12
99982 13
99982 14
99982 15
99982 16
99982 17
99982 18
99982 19
99982 20
99982 21
99982 22
99982 23
99982 24
99982 25
99982 26
99982 27
99982 28
99982 29
99982 30
99982 31
99982 32
99982 33
99982 34
99982 35
99982 36
99982 37
99982 38
99982 39
99982 40
99982 41
99982 42
99982 43
99982 44
99982 45
99982 46
99982 47
99982 48
99982 49
99982 50
99982 51
99982 52
99982 53
99982 54
99982 55
99982 56
99982 57
99982 58
99982 59
99982 60
99982 61
99982 62
99982 63
99982 64
99982 65
99982 66
99982 67
99982 68
99982 69
99982 70
99982 71
99982 72
99982 73
99982 74
99982 75
99982 76
99982 77
99982 78
99982 79
99982 80
99982 81
99982 82
99982 83
99982 84
99982 85
99982 86
99982 87
99982 88
99982 89
99982 90
99982 91
99982 92
99982 93
99982 94
99982 95
99982 96
99982 97
99982 98
99982 99
99982 100
99983 1
99983 2
99983 3
99983 4
99983 5
99983 6
99983 7
99983 8
99983 9
99983 10
99983 11
99983 12
99983 13
99983 14
99983 15
99983 16
99983 17
99983 18
99983 19
99983 20
99983 21
99983 22
99983 23
99983 24
99983 25
99983 26
99983 27
99983 28
99983 29
99983 30
99983 31
99983 32
99983 33
99983 34
99983 35
99983 36
99983 37
99983 38
99983 39
99983 40
99983 41
99983 42
99983 43
99983 44
99983 45
99983 46
99983 47
99983 48
99983 49
99983 50
99983 51
99983 52
99983 53
99983 54
99983 55
99983 56
99983 57
99983 58
99983 59
99983 60
99983 61
99983 62
99983 63
99983 64
99983 65
99983 66
99983 67
99983 68
99983 69
99983 70
99983 71
99983 72
99983 73
99983 74
99983 75
99983 76
99983 77
99983 78
99983 79
99983 80
99983 81
99983 82
99983 83
99983 84
99983 85
99983 86
99983 87
99983 88
99983 89
99983 90
99983 91
99983 92
99983 93
99983 94
99983 95
99983 96
99983 97
99983 98
99983 99
99983 100
99984 1
99984 2
99984 3
99984 4
99984 5
99984 6
99984 7
99984 8
99984 9
99984 10
99984 11
99984 12
99984 13
99984 14
99984 15
99984 16
99984 17
99984 18
99984 19
99984 20
99984 21
99984 22
99984 23
99984 24
99984 25
99984 26
99984 27
99984 28
99984 29
99984 30
99984 31
99984 32
99984 33
99984 34
99984 35
99984 36
99984 37
99984 38
99984 39
99984 40
99984 41
99984 42
99984 43
99984 44
99984 45
99984 46
99984 47
99984 48
99984 49
99984 50
99984 51
99984 52
99984 53
99984 54
99984 55
99984 56
99984 57
99984 58
99984 59
99984 60
99984 61
99984 62
99984 63
99984 64
99984 65
99984 66
99984 67
99984 68
99984 69
99984 70
99984 71
99984 72
99984 73
99984 74
99984 75
99984 76
99984 77
99984 78
99984 79
99984 80
99984 81
99984 82
99984 83
99984 84
99984 85
99984 86
99984 87
99984 88
99984 89
99984 90
99984 91
99984 92
99984 93
99984 94
99984 95
99984 96
99984 97
99984 98
99984 99
99984 100
99985 1
99985 2
99985 3
99985 4
99985 5
99985 6
99985 7
99985 8
99985 9
99985 10
99985 11
99985 12
99985 13
99985 14
99985 15
99985 16
99985 17
99985 18
99985 19
99985 20
99985 21
99985 22
99985 23
99985 24
99985 25
99985 26
99985 27
99985 28
99985 29
99985 30
99985 31
99985 32
99985 33
99985 34
99985 35
99985 36
99985 37
99985 38
99985 39
99985 40
99985 41
99985 42
99985 43
99985 44
99985 45
99985 46
99985 47
99985 48
99985 49
99985 50
99985 51
99985 52
99985 53
99985 54
99985 55
99985 56
99985 57
99985 58
99985 59
99985 60
99985 61
99985 62
99985 63
99985 64
99985 65
99985 66
99985 67
99985 68
99985 69
99985 70
99985 71
99985 72
99985 73
99985 74
99985 75
99985 76
99985 77
99985 78
99985 79
99985 80
99985 81
99985 82
99985 83
99985 84
99985 85
99985 86
99985 87
99985 88
99985 89
99985 90
99985 91
99985 92
99985 93
99985 94
99985 95
99985 96
99985 97
99985 98
99985 99
99985 100
99986 1
99986 2
99986 3
99986 4
99986 5
99986 6
99986 7
99986 8
99986 9
99986 10
99986 11
99986 12
99986 13
99986 14
99986 15
99986 16
99986 17
99986 18
99986 19
99986 20
99986 21
99986 22
99986 23
99986 24
99986 25
99986 26
99986 27
99986 28
99986 29
99986 30
99986 31
99986 32
99986 33
99986 34
99986 35
99986 36
99986 37
99986 38
99986 39
99986 40
99986 41
99986 42
99986 43
99986 44
99986 45
99986 46
99986 47
99986 48
99986 49
99986 50
99986 51
99986 52
99986 53
99986 54
99986 55
99986 56
99986 57
99986 58
99986 59
99986 60
99986 61
99986 62
99986 63
99986 64
99986 65
99986 66
99986 67
99986 68
99986 69
99986 70
99986 71
99986 72
99986 73
99986 74
99986 75
99986 76
99986 77
99986 78
99986 79
99986 80
99986 81
99986 82
99986 83
99986 84
99986 85
99986 86
99986 87
99986 88
99986 89
99986 90
99986 91
99986 92
99986 93
99986 94
99986 95
99986 96
99986 97
99986 98
99986 99
99986 100
99987 1
99987 2
99987 3
99987 4
99987 5
99987 6
99987 7
99987 8
99987 9
99987 10
99987 11
99987 12
99987 13
99987 14
99987 15
99987 16
99987 17
99987 18
99987 19
99987 20
99987 21
99987 22
99987 23
99987 24
99987 25
99987 26
99987 27
99987 28
99987 29
99987 30
99987 31
99987 32
99987 33
99987 34
99987 35
99987 36
99987 37
99987 38
99987 39
99987 40
99987 41
99987 42
99987 43
99987 44
99987 45
99987 46
99987 47
99987 48
99987 49
99987 50
99987 51
99987 52
99987 53
99987 54
99987 55
99987 56
99987 57
99987 58
99987 59
99987 60
99987 61
99987 62
99987 63
99987 64
99987 65
99987 66
99987 67
99987 68
99987 69
99987 70
99987 71
99987 72
99987 73
99987 74
99987 75
99987 76
99987 77
99987 78
99987 79
99987 80
99987 81
99987 82
99987 83
99987 84
99987 85
99987 86
99987 87
99987 88
99987 89
99987 90
99987 91
99987 92
99987 93
99987 94
99987 95
99987 96
99987 97
99987 98
99987 99
99987 100
99988 1
99988 2
99988 3
99988 4
99988 5
99988 6
99988 7
99988 8
99988 9
99988 10
99988 11
99988 12
99988 13
99988 14
99988 15
99988 16
99988 17
99988 18
99988 19
99988 20
99988 21
99988 22
99988 23
99988 24
99988 25
99988 26
99988 27
99988 28
99988 29
99988 30
99988 31
99988 32
99988 33
99988 34
99988 35
99988 36
99988 37
99988 38
99988 39
99988 40
99988 41
99988 42
99988 43
99988 44
99988 45
99988 46
99988 47
99988 48
99988 49
99988 50
99988 51
99988 52
99988 53
99988 54
99988 55
99988 56
99988 57
99988 58
99988 59
99988 60
99988 61
99988 62
99988 63
99988 64
99988 65
99988 66
99988 67
99988 68
99988 69
99988 70
99988 71
99988 72
99988 73
99988 74
99988 75
99988 76
99988 77
99988 78
99988 79
99988 80
99988 81
99988 82
99988 83
99988 84
99988 85
99988 86
99988 87
99988 88
99988 89
99988 90
99988 91
99988 92
99988 93
99988 94
99988 95
99988 96
99988 97
99988 98
99988 99
99988 100
99989 1
99989 2
99989 3
99989 4
99989 5
99989 6
99989 7
99989 8
99989 9
99989 10
99989 11
99989 12
99989 13
99989 14
99989 15
99989 16
99989 17
99989 18
99989 19
99989 20
99989 21
99989 22
99989 23
99989 24
99989 25
99989 26
99989 27
99989 28
99989 29
99989 30
99989 31
99989 32
99989 33
99989 34
99989 35
99989 36
99989 37
99989 38
99989 39
99989 40
99989 41
99989 42
99989 43
99989 44
99989 45
99989 46
99989 47
99989 48
99989 49
99989 50
99989 51
99989 52
99989 53
99989 54
99989 55
99989 56
99989 57
99989 58
99989 59
99989 60
99989 61
99989 62
99989 63
99989 64
99989 65
99989 66
99989 67
99989 68
99989 69
99989 70
99989 71
99989 72
99989 73
99989 74
99989 75
99989 76
99989 77
99989 78
99989 79
99989 80
99989 81
99989 82
99989 83
99989 84
99989 85
99989 86
99989 87
99989 88
99989 89
99989 90
99989 91
99989 92
99989 93
99989 94
99989 95
99989 96
99989 97
99989 98
99989 99
99989 100
99990 1
99990 2
99990 3
99990 4
99990 5
99990 6
99990 7
99990 8
99990 9
99990 10
99990 11
99990 12
99990 13
99990 14
99990 15
99990 16
99990 17
99990 18
99990 19
99990 20
99990 21
99990 22
99990 23
99990 24
99990 25
99990 26
99990 27
99990 28
99990 29
99990 30
99990 31
99990 32
99990 33
99990 34
99990 35
99990 36
99990 37
99990 38
99990 39
99990 40
99990 41
99990 42
99990 43
99990 44
99990 45
99990 46
99990 47
99990 48
99990 49
99990 50
99990 51
99990 52
99990 53
99990 54
99990 55
99990 56
99990 57
99990 58
99990 59
99990 60
99990 61
99990 62
99990 63
99990 64
99990 65
99990 66
99990 67
99990 68
99990 69
99990 70
99990 71
99990 72
99990 73
99990 74
99990 75
99990 76
99990 77
99990 78
99990 79
99990 80
99990 81
99990 82
99990 83
99990 84
99990 85
99990 86
99990 87
99990 88
99990 89
99990 90
99990 91
99990 92
99990 93
99990 94
99990 95
99990 96
99990 97
99990 98
99990 99
99990 100
99991 1
99991 2
99991 3
99991 4
99991 5
99991 6
99991 7
99991 8
99991 9
99991 10
99991 11
99991 12
99991 13
99991 14
99991 15
99991 16
99991 17
99991 18
99991 19
99991 20
99991 21
99991 22
99991 23
99991 24
99991 25
99991 26
99991 27
99991 28
99991 29
99991 30
99991 31
99991 32
99991 33
99991 34
99991 35
99991 36
99991 37
99991 38
99991 39
99991 40
99991 41
99991 42
99991 43
99991 44
99991 45
99991 46
99991 47
99991 48
99991 49
99991 50
99991 51
99991 52
99991 53
99991 54
99991 55
99991 56
99991 57
99991 58
99991 59
99991 60
99991 61
99991 62
99991 63
99991 64
99991 65
99991 66
99991 67
99991 68
99991 69
99991 70
99991 71
99991 72
99991 73
99991 74
99991 75
99991 76
99991 77
99991 78
99991 79
99991 80
99991 81
99991 82
99991 83
99991 84
99991 85
99991 86
99991 87
99991 88
99991 89
99991 90
99991 91
99991 92
99991 93
99991 94
99991 95
99991 96
99991 97
99991 98
99991 99
99991 100
99992 1
99992 2
99992 3
99992 4
99992 5
99992 6
99992 7
99992 8
99992 9
99992 10
99992 11
99992 12
99992 13
99992 14
99992 15
99992 16
99992 17
99992 18
99992 19
99992 20
99992 21
99992 22
99992 23
99992 24
99992 25
99992 26
99992 27
99992 28
99992 29
99992 30
99992 31
99992 32
99992 33
99992 34
99992 35
99992 36
99992 37
99992 38
99992 39
99992 40
99992 41
99992 42
99992 43
99992 44
99992 45
99992 46
99992 47
99992 48
99992 49
99992 50
99992 51
99992 52
99992 53
99992 54
99992 55
99992 56
99992 57
99992 58
99992 59
99992 60
99992 61
99992 62
99992 63
99992 64
99992 65
99992 66
99992 67
99992 68
99992 69
99992 70
99992 71
99992 72
99992 73
99992 74
99992 75
99992 76
99992 77
99992 78
99992 79
99992 80
99992 81
99992 82
99992 83
99992 84
99992 85
99992 86
99992 87
99992 88
99992 89
99992 90
99992 91
99992 92
99992 93
99992 94
99992 95
99992 96
99992 97
99992 98
99992 99
99992 100
99993 1
99993 2
99993 3
99993 4
99993 5
99993 6
99993 7
99993 8
99993 9
99993 10
99993 11
99993 12
99993 13
99993 14
99993 15
99993 16
99993 17
99993 18
99993 19
99993 20
99993 21
99993 22
99993 23
99993 24
99993 25
99993 26
99993 27
99993 28
99993 29
99993 30
99993 31
99993 32
99993 33
99993 34
99993 35
99993 36
99993 37
99993 38
99993 39
99993 40
99993 41
99993 42
99993 43
99993 44
99993 45
99993 46
99993 47
99993 48
99993 49
99993 50
99993 51
99993 52
99993 53
99993 54
99993 55
99993 56
99993 57
99993 58
99993 59
99993 60
99993 61
99993 62
99993 63
99993 64
99993 65
99993 66
99993 67
99993 68
99993 69
99993 70
99993 71
99993 72
99993 73
99993 74
99993 75
99993 76
99993 77
99993 78
99993 79
99993 80
99993 81
99993 82
99993 83
99993 84
99993 85
99993 86
99993 87
99993 88
99993 89
99993 90
99993 91
99993 92
99993 93
99993 94
99993 95
99993 96
99993 97
99993 98
99993 99
99993 100
99994 1
99994 2
99994 3
99994 4
99994 5
99994 6
99994 7
99994 8
99994 9
99994 10
99994 11
99994 12
99994 13
99994 14
99994 15
99994 16
99994 17
99994 18
99994 19
99994 20
99994 21
99994 22
99994 23
99994 24
99994 25
99994 26
99994 27
99994 28
99994 29
99994 30
99994 31
99994 32
99994 33
99994 34
99994 35
99994 36
99994 37
99994 38
99994 39
99994 40
99994 41
99994 42
99994 43
99994 44
99994 45
99994 46
99994 47
99994 48
99994 49
99994 50
99994 51
99994 52
99994 53
99994 54
99994 55
99994 56
99994 57
99994 58
99994 59
99994 60
99994 61
99994 62
99994 63
99994 64
99994 65
99994 66
99994 67
99994 68
99994 69
99994 70
99994 71
99994 72
99994 73
99994 74
99994 75
99994 76
99994 77
99994 78
99994 79
99994 80
99994 81
99994 82
99994 83
99994 84
99994 85
99994 86
99994 87
99994 88
99994 89
99994 90
99994 91
99994 92
99994 93
99994 94
99994 95
99994 96
99994 97
99994 98
99994 99
99994 100
99995 1
99995 2
99995 3
99995 4
99995 5
99995 6
99995 7
99995 8
99995 9
99995 10
99995 11
99995 12
99995 13
99995 14
99995 15
99995 16
99995 17
99995 18
99995 19
99995 20
99995 21
99995 22
99995 23
99995 24
99995 25
99995 26
99995 27
99995 28
99995 29
99995 30
99995 31
99995 32
99995 33
99995 34
99995 35
99995 36
99995 37
99995 38
99995 39
99995 40
99995 41
99995 42
99995 43
99995 44
99995 45
99995 46
99995 47
99995 48
99995 49
99995 50
99995 51
99995 52
99995 53
99995 54
99995 55
99995 56
99995 57
99995 58
99995 59
99995 60
99995 61
99995 62
99995 63
99995 64
99995 65
99995 66
99995 67
99995 68
99995 69
99995 70
99995 71
99995 72
99995 73
99995 74
99995 75
99995 76
99995 77
99995 78
99995 79
99995 80
99995 81
99995 82
99995 83
99995 84
99995 85
99995 86
99995 87
99995 88
99995 89
99995 90
99995 91
99995 92
99995 93
99995 94
99995 95
99995 96
99995 97
99995 98
99995 99
99995 100
99996 1
99996 2
99996 3
99996 4
99996 5
99996 6
99996 7
99996 8
99996 9
99996 10
99996 11
99996 12
99996 13
99996 14
99996 15
99996 16
99996 17
99996 18
99996 19
99996 20
99996 21
99996 22
99996 23
99996 24
99996 25
99996 26
99996 27
99996 28
99996 29
99996 30
99996 31
99996 32
99996 33
99996 34
99996 35
99996 36
99996 37
99996 38
99996 39
99996 40
99996 41
99996 42
99996 43
99996 44
99996 45
99996 46
99996 47
99996 48
99996 49
99996 50
99996 51
99996 52
99996 53
99996 54
99996 55
99996 56
99996 57
99996 58
99996 59
99996 60
99996 61
99996 62
99996 63
99996 64
99996 65
99996 66
99996 67
99996 68
99996 69
99996 70
99996 71
99996 72
99996 73
99996 74
99996 75
99996 76
99996 77
99996 78
99996 79
99996 80
99996 81
99996 82
99996 83
99996 84
99996 85
99996 86
99996 87
99996 88
99996 89
99996 90
99996 91
99996 92
99996 93
99996 94
99996 95
99996 96
99996 97
99996 98
99996 99
99996 100
99997 1
99997 2
99997 3
99997 4
99997 5
99997 6
99997 7
99997 8
99997 9
99997 10
99997 11
99997 12
99997 13
99997 14
99997 15
99997 16
99997 17
99997 18
99997 19
99997 20
99997 21
99997 22
99997 23
99997 24
99997 25
99997 26
99997 27
99997 28
99997 29
99997 30
99997 31
99997 32
99997 33
99997 34
99997 35
99997 36
99997 37
99997 38
99997 39
99997 40
99997 41
99997 42
99997 43
99997 44
99997 45
99997 46
99997 47
99997 48
99997 49
99997 50
99997 51
99997 52
99997 53
99997 54
99997 55
99997 56
99997 57
99997 58
99997 59
99997 60
99997 61
99997 62
99997 63
99997 64
99997 65
99997 66
99997 67
99997 68
99997 69
99997 70
99997 71
99997 72
99997 73
99997 74
99997 75
99997 76
99997 77
99997 78
99997 79
99997 80
99997 81
99997 82
99997 83
99997 84
99997 85
99997 86
99997 87
99997 88
99997 89
99997 90
99997 91
99997 92
99997 93
99997 94
99997 95
99997 96
99997 97
99997 98
99997 99
99997 100
99998 1
99998 2
99998 3
99998 4
99998 5
99998 6
99998 7
99998 8
99998 9
99998 10
99998 11
99998 12
99998 13
99998 14
99998 15
99998 16
99998 17
99998 18
99998 19
99998 20
99998 21
99998 22
99998 23
99998 24
99998 25
99998 26
99998 27
99998 28
99998 29
99998 30
99998 31
99998 32
99998 33
99998 34
99998 35
99998 36
99998 37
99998 38
99998 39
99998 40
99998 41
99998 42
99998 43
99998 44
99998 45
99998 46
99998 47
99998 48
99998 49
99998 50
99998 51
99998 52
99998 53
99998 54
99998 55
99998 56
99998 57
99998 58
99998 59
99998 60
99998 61
99998 62
99998 63
99998 64
99998 65
99998 66
99998 67
99998 68
99998 69
99998 70
99998 71
99998 72
99998 73
99998 74
99998 75
99998 76
99998 77
99998 78
99998 79
99998 80
99998 81
99998 82
99998 83
99998 84
99998 85
99998 86
99998 87
99998 88
99998 89
99998 90
99998 91
99998 92
99998 93
99998 94
99998 95
99998 96
99998 97
99998 98
99998 99
99998 100
99999 1
99999 2
99999 3
99999 4
99999 5
99999 6
99999 7
99999 8
99999 9
99999 10
99999 11
99999 12
99999 13
99999 14
99999 15
99999 16
99999 17
99999 18
99999 19
99999 20
99999 21
99999 22
99999 23
99999 24
99999 25
99999 26
99999 27
99999 28
99999 29
99999 30
99999 31
99999 32
99999 33
99999 34
99999 35
99999 36
99999 37
99999 38
99999 39
99999 40
99999 41
99999 42
99999 43
99999 44
99999 45
99999 46
99999 47
99999 48
99999 49
99999 50
99999 51
99999 52
99999 53
99999 54
99999 55
99999 56
99999 57
99999 58
99999 59
99999 60
99999 61
99999 62
99999 63
99999 64
99999 65
99999 66
99999 67
99999 68
99999 69
99999 70
99999 71
99999 72
99999 73
99999 74
99999 75
99999 76
99999 77
99999 78
99999 79
99999 80
99999 81
99999 82
99999 83
99999 84
99999 85
99999 86
99999 87
99999 88
99999 89
99999 90
99999 91
99999 92
99999 93
99999 94
99999 95
99999 96
99999 97
99999 98
99999 99
99999 100
100000 1
100000 2
100000 3
100000 4
100000 5
100000 6
100000 7
100000 8
100000 9
100000 10
100000 11
100000 12
100000 13
100000 14
100000 15
100000 16
100000 17
100000 18
100000 19
100000 20
100000 21
100000 22
100000 23
100000 24
100000 25
100000 26
100000 27
100000 28
100000 29
100000 30
100000 31
100000 32
100000 33
100000 34
100000 35
100000 36
100000 37
100000 38
100000 39
100000 40
100000 41
100000 42
100000 43
100000 44
100000 45
100000 46
100000 47
100000 48
100000 49
100000 50
100000 51
100000 52
100000 53
100000 54
100000 55
100000 56
100000 57
100000 58
100000 59
100000 60
100000 61
100000 62
100000 63
100000 64
100000 65
100000 66
100000 67
100000 68
100000 69
100000 70
100000 71
100000 72
100000 73
100000 74
100000 75
100000 76
100000 77
100000 78
100000 79
100000 80
100000 81
100000 82
100000 83
100000 84
100000 85
100000 86
100000 87
100000 88
100000 89
100000 90
100000 91
100000 92
100000 93
100000 94
100000 95
100000 96
100000 97
100000 98
100000 99
100000 100
